77021094871
77021094872
77021094873
77021094874
77021094875
77021094876
77021094877
77021094878
77021094879
77021094880
77021094881
77021094882
77021094883
77021094884
77021094885
77021094886
77021094887
77021094888
77021094889
77021094890
77021094891
77021094892
77021094893
77021094894
77021094895
77021094896
77021094897
77021094898
77021094899
77021094900
77021094901
77021094902
77021094903
77021094904
77021094905
77021094906
77021094907
77021094908
77021094909
77021094910
77021094911
77021094912
77021094913
77021094914
77021094915
77021094916
77021094917
77021094918
77021094919
77021094920
77021094921
77021094922
77021094923
77021094924
77021094925
77021094926
77021094927
77021094928
77021094929
77021094930
77021094931
77021094932
77021094933
77021094934
77021094935
77021094936
77021094937
77021094938
77021094939
77021094940
77021094941
77021094942
77021094943
77021094944
77021094945
77021094946
77021094947
77021094948
77021094949
77021094950
77021094951
77021094952
77021094953
77021094954
77021094955
77021094956
77021094957
77021094958
77021094959
77021094960
77021094961
77021094962
77021094963
77021094964
77021094965
77021094966
77021094967
77021094968
77021094969
77021094970
77021094971
77021094972
77021094973
77021094974
77021094975
77021094976
77021094977
77021094978
77021094979
77021094980
77021094981
77021094982
77021094983
77021094984
77021094985
77021094986
77021094987
77021094988
77021094989
77021094990
77021094991
77021094992
77021094993
77021094994
77021094995
77021094996
77021094997
77021094998
77021094999
77021095000
77021095001
77021095002
77021095003
77021095004
77021095005
77021095006
77021095007
77021095008
77021095009
77021095010
77021095011
77021095012
77021095013
77021095014
77021095015
77021095016
77021095017
77021095018
77021095019
77021095020
77021095021
77021095022
77021095023
77021095024
77021095025
77021095026
77021095027
77021095028
77021095029
77021095030
77021095031
77021095032
77021095033
77021095034
77021095035
77021095036
77021095037
77021095038
77021095039
77021095040
77021095041
77021095042
77021095043
77021095044
77021095045
77021095046
77021095047
77021095048
77021095049
77021095050
77021095051
77021095052
77021095053
77021095054
77021095055
77021095056
77021095057
77021095058
77021095059
77021095060
77021095061
77021095062
77021095063
77021095064
77021095065
77021095066
77021095067
77021095068
77021095069
77021095070
77021095071
77021095072
77021095073
77021095074
77021095075
77021095076
77021095077
77021095078
77021095079
77021095080
77021095081
77021095082
77021095083
77021095084
77021095085
77021095086
77021095087
77021095088
77021095089
77021095090
77021095091
77021095092
77021095093
77021095094
77021095095
77021095096
77021095097
77021095098
77021095099
77021095100
77021095101
77021095102
77021095103
77021095104
77021095105
77021095106
77021095107
77021095108
77021095109
77021095110
77021095111
77021095112
77021095113
77021095114
77021095115
77021095116
77021095117
77021095118
77021095119
77021095120
77021095121
77021095122
77021095123
77021095124
77021095125
77021095126
77021095127
77021095128
77021095129
77021095130
77021095131
77021095132
77021095133
77021095134
77021095135
77021095136
77021095137
77021095138
77021095139
77021095140
77021095141
77021095142
77021095143
77021095144
77021095145
77021095146
77021095147
77021095148
77021095149
77021095150
77021095151
77021095152
77021095153
77021095154
77021095155
77021095156
77021095157
77021095158
77021095159
77021095160
77021095161
77021095162
77021095163
77021095164
77021095165
77021095166
77021095167
77021095168
77021095169
77021095170
77021095171
77021095172
77021095173
77021095174
77021095175
77021095176
77021095177
77021095178
77021095179
77021095180
77021095181
77021095182
77021095183
77021095184
77021095185
77021095186
77021095187
77021095188
77021095189
77021095190
77021095191
77021095192
77021095193
77021095194
77021095195
77021095196
77021095197
77021095198
77021095199
77021095200
77021095201
77021095202
77021095203
77021095204
77021095205
77021095206
77021095207
77021095208
77021095209
77021095210
77021095211
77021095212
77021095213
77021095214
77021095215
77021095216
77021095217
77021095218
77021095219
77021095220
77021095221
77021095222
77021095223
77021095224
77021095225
77021095226
77021095227
77021095228
77021095229
77021095230
77021095231
77021095232
77021095233
77021095234
77021095235
77021095236
77021095237
77021095238
77021095239
77021095240
77021095241
77021095242
77021095243
77021095244
77021095245
77021095246
77021095247
77021095248
77021095249
77021095250
77021095251
77021095252
77021095253
77021095254
77021095255
77021095256
77021095257
77021095258
77021095259
77021095260
77021095261
77021095262
77021095263
77021095264
77021095265
77021095266
77021095267
77021095268
77021095269
77021095270
77021095271
77021095272
77021095273
77021095274
77021095275
77021095276
77021095277
77021095278
77021095279
77021095280
77021095281
77021095282
77021095283
77021095284
77021095285
77021095286
77021095287
77021095288
77021095289
77021095290
77021095291
77021095292
77021095293
77021095294
77021095295
77021095296
77021095297
77021095298
77021095299
77021095300
77021095301
77021095302
77021095303
77021095304
77021095305
77021095306
77021095307
77021095308
77021095309
77021095310
77021095311
77021095312
77021095313
77021095314
77021095315
77021095316
77021095317
77021095318
77021095319
77021095320
77021095321
77021095322
77021095323
77021095324
77021095325
77021095326
77021095327
77021095328
77021095329
77021095330
77021095331
77021095332
77021095333
77021095334
77021095335
77021095336
77021095337
77021095338
77021095339
77021095340
77021095341
77021095342
77021095343
77021095344
77021095345
77021095346
77021095347
77021095348
77021095349
77021095350
77021095351
77021095352
77021095353
77021095354
77021095355
77021095356
77021095357
77021095358
77021095359
77021095360
77021095361
77021095362
77021095363
